Results report for distilbert-base-uncased as of 202308-18_00-3329
----------------------------------------------------------------------
Training Params - NO_OF_EPOCHS: 4 OUTER_CV_NO: 6 INNER_CV_NO: 4 MAX_LENGTH: 50 LR_SPACE: [1e-05, 5e-06, 5e-05, 3e-05] SEED: 2023
Total no. of tweets: 3449----------------------------------------------------------------------
Evaluation Metrics: 
model	outer_cv	inner_cv	hp_set_lr	eval_loss	eval_accuracy	eval_precision	eval_recall	eval_f1	eval_roc_auc	eval_matthews_correlation	eval_runtime	eval_samples_per_second	eval_steps_per_second	lr_from_scheduler	epoch	step
distilbert-base-uncased	0	0	1e-05	0.44635432958602905	0.8066759388038943	0.8165938864628821	0.6584507042253521	0.7290448343079923	0.7809494900437106	0.5895847763842413	0.9227	779.257	97.543	7.500000000000001e-06	1.0	270
distilbert-base-uncased	0	0	1e-05	0.3542449474334717	0.8581363004172462	0.8395522388059702	0.7922535211267606	0.8152173913043479	0.8467014732070584	0.7010254958705469	0.6591	1090.9	136.552	5e-06	2.0	540
distilbert-base-uncased	0	0	1e-05	0.3538980782032013	0.8734353268428373	0.8458781362007168	0.8309859154929577	0.8383658969804618	0.8660676703901571	0.734457600956394	0.6677	1076.891	134.799	2.5e-06	3.0	810
distilbert-base-uncased	0	0	1e-05	0.3650631010532379	0.866481223922114	0.8333333333333334	0.8274647887323944	0.8303886925795053	0.8597094058604502	0.7203114455236255	0.7445	965.801	120.893	0.0	4.0	1080
distilbert-base-uncased	0	1	5e-06	0.42484229803085327	0.8567454798331016	0.8181818181818182	0.7704280155642024	0.7935871743486975	0.8375949601630535	0.684772998444988	0.6565	1095.227	137.094	3.7500000000000005e-06	1.0	270
distilbert-base-uncased	0	1	5e-06	0.3586956262588501	0.8539638386648123	0.8220338983050848	0.754863813229572	0.7870182555780934	0.8319773611602405	0.6776359633455756	0.6637	1083.402	135.614	2.5e-06	2.0	540
distilbert-base-uncased	0	1	5e-06	0.35182836651802063	0.8539638386648123	0.8166666666666667	0.7626459143968871	0.7887323943661971	0.8337039095793959	0.67827445689635	0.6685	1075.622	134.64	1.25e-06	3.0	810
distilbert-base-uncased	0	1	5e-06	0.3508671820163727	0.8595271210013908	0.8223140495867769	0.77431906614786	0.7975951903807617	0.8406227365371333	0.6909144986181487	0.6586	1091.72	136.655	0.0	4.0	1080
distilbert-base-uncased	0	2	5e-05	0.38351139426231384	0.8523676880222841	0.7743055555555556	0.8446969696969697	0.8079710144927537	0.8507625817647844	0.6901486962005758	0.651	1102.902	138.247	3.7500000000000003e-05	1.0	270
distilbert-base-uncased	0	2	5e-05	0.5003677606582642	0.850974930362117	0.7773851590106007	0.8333333333333334	0.8043875685557588	0.8472834067547724	0.6853399877093433	0.6636	1082.03	135.631	2.5e-05	2.0	540
distilbert-base-uncased	0	2	5e-05	0.6814534664154053	0.8481894150417827	0.7818181818181819	0.8143939393939394	0.7977736549165122	0.8411176745427846	0.6766995658634536	0.655	1096.135	137.399	1.25e-05	3.0	810
distilbert-base-uncased	0	2	5e-05	0.738929271697998	0.8467966573816156	0.7916666666666666	0.7916666666666666	0.7916666666666666	0.8352606461086637	0.6705212922173275	0.6616	1085.195	136.027	0.0	4.0	1080
distilbert-base-uncased	0	3	3e-05	0.3590832054615021	0.8440111420612814	0.8303886925795053	0.7859531772575251	0.8075601374570447	0.8356973523519129	0.6773024881592407	0.6793	1056.993	132.492	2.25e-05	1.0	270
distilbert-base-uncased	0	3	3e-05	0.5266678333282471	0.8440111420612814	0.7968253968253968	0.8394648829431438	0.8175895765472312	0.8433601264357723	0.6822046284144606	0.6924	1037.008	129.987	1.5e-05	2.0	540
distilbert-base-uncased	0	3	3e-05	0.6249051690101624	0.8579387186629527	0.8068535825545171	0.8662207357859532	0.8354838709677419	0.8591246877020459	0.7121477279732874	0.6708	1070.35	134.166	7.5e-06	3.0	810
distilbert-base-uncased	0	3	3e-05	0.6933152079582214	0.850974930362117	0.8310344827586207	0.8060200668896321	0.8183361629881155	0.8445374797455321	0.6922902105347122	0.6735	1066.088	133.632	0.0	4.0	1080
distilbert-base-uncased	1	0	1e-05	0.4788416028022766	0.7858136300417247	0.8387096774193549	0.5571428571428572	0.6695278969957082	0.7444028636511553	0.5442864027928366	0.661	1087.749	136.158	7.500000000000001e-06	1.0	270
distilbert-base-uncased	1	0	1e-05	0.41410014033317566	0.8358831710709318	0.8022388059701493	0.7678571428571429	0.7846715328467154	0.8235641067360885	0.6525983064616552	0.6607	1088.208	136.215	5e-06	2.0	540
distilbert-base-uncased	1	0	1e-05	0.47774428129196167	0.8317107093184979	0.8093385214007782	0.7428571428571429	0.7746741154562383	0.815619915392125	0.6422707160788378	0.6614	1087.134	136.081	2.5e-06	3.0	810
distilbert-base-uncased	1	0	1e-05	0.4983641803264618	0.8358831710709318	0.7913669064748201	0.7857142857142857	0.7885304659498209	0.8267979173446144	0.6544535968453105	0.6539	1099.5	137.629	0.0	4.0	1080
distilbert-base-uncased	1	1	5e-06	0.42785346508026123	0.8331015299026425	0.797945205479452	0.7925170068027211	0.7952218430034128	0.8268467386954782	0.6543903985029745	0.6706	1072.209	134.212	3.7500000000000005e-06	1.0	270
distilbert-base-uncased	1	1	5e-06	0.36498764157295227	0.8456189151599444	0.8479087452471483	0.7585034013605442	0.8007181328545782	0.8321928771508603	0.6781537169080707	0.6867	1047.053	131.064	2.5e-06	2.0	540
distilbert-base-uncased	1	1	5e-06	0.3661488890647888	0.847009735744089	0.8565891472868217	0.7517006802721088	0.8007246376811594	0.8323209283713485	0.6812327254122119	0.6625	1085.345	135.857	1.25e-06	3.0	810
distilbert-base-uncased	1	1	5e-06	0.3560952842235565	0.8595271210013908	0.850909090909091	0.7959183673469388	0.8224956063268895	0.8497238895558223	0.7075637806671918	0.6673	1077.464	134.87	0.0	4.0	1080
distilbert-base-uncased	1	2	5e-05	0.3670545816421509	0.8398328690807799	0.7328990228013029	0.872093023255814	0.7964601769911503	0.8469160768452983	0.6729039726452128	0.6657	1078.584	135.199	3.7500000000000003e-05	1.0	270
distilbert-base-uncased	1	2	5e-05	0.42845025658607483	0.8662952646239555	0.7892857142857143	0.8565891472868217	0.8215613382899628	0.864164138860802	0.7164730677408226	0.679	1057.486	132.554	2.5e-05	2.0	540
distilbert-base-uncased	1	2	5e-05	0.5356892347335815	0.8760445682451253	0.8188679245283019	0.8410852713178295	0.829827915869981	0.8683687226154366	0.7325368466317429	0.6588	1089.832	136.608	1.25e-05	3.0	810
distilbert-base-uncased	1	2	5e-05	0.5999940037727356	0.871866295264624	0.7902097902097902	0.875968992248062	0.8308823529411764	0.8727671048196832	0.7306871253305088	0.6611	1086.067	136.137	0.0	4.0	1080
distilbert-base-uncased	1	3	3e-05	0.3212335407733917	0.8676880222841226	0.7882736156351792	0.8897058823529411	0.8359240069084629	0.87198298601952	0.7294824611589092	0.6679	1075.024	134.752	2.25e-05	1.0	270
distilbert-base-uncased	1	3	3e-05	0.4067230522632599	0.8676880222841226	0.8083623693379791	0.8529411764705882	0.8300536672629695	0.864811395410182	0.7225546316849939	0.6771	1060.358	132.914	1.5e-05	2.0	540
distilbert-base-uncased	1	3	3e-05	0.6409152746200562	0.8551532033426184	0.823076923076923	0.7867647058823529	0.8045112781954886	0.8418128462147191	0.6900027866032912	0.885	811.305	101.696	7.5e-06	3.0	810
distilbert-base-uncased	1	3	3e-05	0.664017915725708	0.8551532033426184	0.8206106870229007	0.7904411764705882	0.8052434456928839	0.8425300052756529	0.6903151922067987	0.6584	1090.476	136.689	0.0	4.0	1080
distilbert-base-uncased	2	0	1e-05	0.36500686407089233	0.847009735744089	0.8345864661654135	0.7708333333333334	0.8014440433212997	0.8343725831399846	0.6787433937114709	0.6639	1083.045	135.569	7.500000000000001e-06	1.0	270
distilbert-base-uncased	2	0	1e-05	0.4014454483985901	0.8233657858136301	0.8851674641148325	0.6423611111111112	0.7444668008048291	0.7933383281773654	0.6331045810171733	0.6633	1084.039	135.693	5e-06	2.0	540
distilbert-base-uncased	2	0	1e-05	0.36703363060951233	0.874826147426982	0.8173076923076923	0.8854166666666666	0.85	0.8765830433101314	0.7446481824615195	0.6601	1089.192	136.338	2.5e-06	3.0	810
distilbert-base-uncased	2	0	1e-05	0.3881005346775055	0.8623087621696801	0.8362989323843416	0.8159722222222222	0.8260105448154657	0.8546218419695799	0.7122626000053519	0.6641	1082.683	135.524	0.0	4.0	1080
distilbert-base-uncased	2	1	5e-06	0.4203965663909912	0.8303198887343533	0.8132295719844358	0.7385159010600707	0.7740740740740741	0.8142120789704023	0.6406219054015747	0.6701	1072.925	134.302	3.7500000000000005e-06	1.0	270
distilbert-base-uncased	2	1	5e-06	0.3783227205276489	0.8484005563282336	0.8295454545454546	0.773851590106007	0.8007312614259599	0.8353202904658475	0.6797021285919012	0.6666	1078.571	135.009	2.5e-06	2.0	540
distilbert-base-uncased	2	1	5e-06	0.37501633167266846	0.8525730180806675	0.8218181818181818	0.7985865724381626	0.8100358422939068	0.8431006256686225	0.6898110327092822	0.6754	1064.623	133.263	1.25e-06	3.0	810
distilbert-base-uncased	2	1	5e-06	0.38060471415519714	0.8567454798331016	0.8284671532846716	0.8021201413427562	0.81508078994614	0.8471609881025708	0.6984608802753962	0.6664	1079.006	135.063	0.0	4.0	1080
distilbert-base-uncased	2	2	5e-05	0.3451915383338928	0.8565459610027855	0.776595744680851	0.8455598455598455	0.8096118299445472	0.8541524717995306	0.696480078837935	0.6735	1065.998	133.621	3.7500000000000003e-05	1.0	270
distilbert-base-uncased	2	2	5e-05	0.4115426242351532	0.8885793871866295	0.8744769874476988	0.806949806949807	0.8393574297188756	0.8707951649128121	0.7557072273523663	0.6871	1045.038	130.994	2.5e-05	2.0	540
distilbert-base-uncased	2	2	5e-05	0.5661567449569702	0.8732590529247911	0.8134328358208955	0.8416988416988417	0.8273244781783682	0.8663831899126018	0.7275253090337723	0.6764	1061.444	133.05	1.25e-05	3.0	810
distilbert-base-uncased	2	2	5e-05	0.6315029859542847	0.871866295264624	0.8127340823970037	0.8378378378378378	0.8250950570342206	0.8644526879820997	0.7242416161944732	0.6594	1088.91	136.493	0.0	4.0	1080
distilbert-base-uncased	2	3	3e-05	0.4290931224822998	0.8245125348189415	0.8425925925925926	0.6642335766423357	0.7428571428571428	0.7938285000328795	0.6224607133072834	0.6615	1085.389	136.051	2.25e-05	1.0	270
distilbert-base-uncased	2	3	3e-05	0.5588104724884033	0.8607242339832869	0.8041958041958042	0.8394160583941606	0.8214285714285714	0.8566449661340172	0.7077957828330721	0.6801	1055.705	132.331	1.5e-05	2.0	540
distilbert-base-uncased	2	3	3e-05	0.6907392740249634	0.8523676880222841	0.7876712328767124	0.8394160583941606	0.8127208480565371	0.8498882093772605	0.6920378442783675	0.6985	1027.865	128.841	7.5e-06	3.0	810
distilbert-base-uncased	2	3	3e-05	0.7230120897293091	0.8593314763231198	0.8100358422939068	0.8248175182481752	0.8173598553345388	0.8527240744394029	0.7030682773945885	0.6715	1069.274	134.032	0.0	4.0	1080
distilbert-base-uncased	3	0	1e-05	0.4101688861846924	0.8261474269819193	0.7854251012145749	0.7293233082706767	0.7563352826510721	0.8061627578880977	0.6225192712298022	0.6664	1078.875	135.047	7.500000000000001e-06	1.0	270
distilbert-base-uncased	3	0	1e-05	0.4329417645931244	0.8358831710709318	0.8457943925233645	0.6804511278195489	0.7541666666666667	0.8038017228501717	0.6415899783749488	0.6544	1098.783	137.539	5e-06	2.0	540
distilbert-base-uncased	3	0	1e-05	0.4635264575481415	0.8567454798331016	0.7985347985347986	0.8195488721804511	0.8089053803339519	0.8490680343242212	0.6945143803661682	0.6773	1061.597	132.884	2.5e-06	3.0	810
distilbert-base-uncased	3	0	1e-05	0.49118494987487793	0.8539638386648123	0.7948717948717948	0.8157894736842105	0.8051948051948051	0.846084582316719	0.6885784305839031	0.6583	1092.162	136.71	0.0	4.0	1080
distilbert-base-uncased	3	1	5e-06	0.4391493797302246	0.8164116828929068	0.8872549019607843	0.6241379310344828	0.7327935222672064	0.7852624387107147	0.6208454935993891	0.6692	1074.482	134.497	3.7500000000000005e-06	1.0	270
distilbert-base-uncased	3	1	5e-06	0.35111650824546814	0.8595271210013908	0.8795180722891566	0.7551724137931034	0.8126159554730983	0.8426211719315168	0.7065180058066376	0.6826	1053.341	131.851	2.5e-06	2.0	540
distilbert-base-uncased	3	1	5e-06	0.3281902074813843	0.8609179415855355	0.8544776119402985	0.7896551724137931	0.8207885304659498	0.8493730407523512	0.7089104242212066	0.6638	1083.225	135.591	1.25e-06	3.0	810
distilbert-base-uncased	3	1	5e-06	0.3261015713214874	0.8581363004172462	0.8309859154929577	0.8137931034482758	0.8222996515679442	0.8509524957800819	0.7043721520372911	0.6594	1090.428	136.493	0.0	4.0	1080
distilbert-base-uncased	3	2	5e-05	0.4407035708427429	0.841225626740947	0.861244019138756	0.6792452830188679	0.7594936708860761	0.8076138114873588	0.6535455024366406	0.6757	1062.68	133.205	3.7500000000000003e-05	1.0	270
distilbert-base-uncased	3	2	5e-05	0.5235536098480225	0.8467966573816156	0.7758007117437722	0.8226415094339623	0.7985347985347985	0.8417843308759215	0.6758655398758552	0.6722	1068.201	133.897	2.5e-05	2.0	540
distilbert-base-uncased	3	2	5e-05	0.6612704992294312	0.8467966573816156	0.7881040892193308	0.8	0.7940074906367041	0.8370860927152319	0.6721149539681337	0.7105	1010.512	126.666	1.25e-05	3.0	810
distilbert-base-uncased	3	2	5e-05	0.7560763955116272	0.8495821727019499	0.79182156133829	0.8037735849056604	0.7977528089887641	0.840076637927444	0.6780777931391451	0.6797	1056.399	132.418	0.0	4.0	1080
distilbert-base-uncased	3	3	3e-05	0.37743330001831055	0.8384401114206128	0.7702265372168284	0.8409893992932862	0.804054054054054	0.8388855042443443	0.6689288710633919	0.7447	964.171	120.857	2.25e-05	1.0	270
distilbert-base-uncased	3	3	3e-05	0.3851456940174103	0.862116991643454	0.8129251700680272	0.8445229681978799	0.82842287694974	0.8590430932943423	0.7136049029417922	0.7143	1005.233	126.004	1.5e-05	2.0	540
distilbert-base-uncased	3	3	3e-05	0.5674754977226257	0.8704735376044568	0.8187919463087249	0.8621908127208481	0.8399311531841653	0.8690264408431826	0.7319687654564676	0.6744	1064.641	133.451	7.5e-06	3.0	810
distilbert-base-uncased	3	3	3e-05	0.6277852654457092	0.8760445682451253	0.8299319727891157	0.8621908127208481	0.8457538994800694	0.873624141992608	0.7425850115567361	0.6692	1072.872	134.483	0.0	4.0	1080
distilbert-base-uncased	4	0	1e-05	0.41783007979393005	0.8094575799721836	0.799163179916318	0.6821428571428572	0.7360308285163777	0.7864017246989912	0.5929216810383854	0.6553	1097.129	137.332	7.500000000000001e-06	1.0	270
distilbert-base-uncased	4	0	1e-05	0.3630319833755493	0.8511821974965229	0.8100358422939068	0.8071428571428572	0.8085867620751341	0.8432069638789457	0.6868611030025584	0.6543	1098.92	137.556	5e-06	2.0	540
distilbert-base-uncased	4	0	1e-05	0.40919622778892517	0.8623087621696801	0.8549019607843137	0.7785714285714286	0.8149532710280374	0.8471444842173771	0.7076564347786006	0.6727	1068.864	133.794	2.5e-06	3.0	810
distilbert-base-uncased	4	0	1e-05	0.42232203483581543	0.8567454798331016	0.8339622641509434	0.7892857142857143	0.8110091743119267	0.8445289619264562	0.6964920180312648	0.6678	1076.671	134.771	0.0	4.0	1080
distilbert-base-uncased	4	1	5e-06	0.41275808215141296	0.8372739916550765	0.8194945848375451	0.7721088435374149	0.7950963222416811	0.8272308923569427	0.6611521329538834	0.6538	1099.781	137.664	3.7500000000000005e-06	1.0	270
distilbert-base-uncased	4	1	5e-06	0.34284457564353943	0.8595271210013908	0.8271186440677966	0.8299319727891157	0.8285229202037352	0.8549659863945579	0.7095629483676025	0.667	1077.954	134.932	2.5e-06	2.0	540
distilbert-base-uncased	4	1	5e-06	0.3440290093421936	0.8525730180806675	0.8333333333333334	0.7993197278911565	0.8159722222222222	0.8443657462985193	0.6935101143991375	0.6642	1082.551	135.507	1.25e-06	3.0	810
distilbert-base-uncased	4	1	5e-06	0.3462550938129425	0.8581363004172462	0.8333333333333334	0.8163265306122449	0.8247422680412372	0.8516926770708284	0.7057104891132481	0.6743	1066.352	133.479	0.0	4.0	1080
distilbert-base-uncased	4	2	5e-05	0.4734519124031067	0.8286908077994429	0.7525773195876289	0.8111111111111111	0.7807486631016044	0.8251984126984127	0.6417100927181346	0.6793	1056.959	132.488	3.7500000000000003e-05	1.0	270
distilbert-base-uncased	4	2	5e-05	0.553532063961029	0.8426183844011143	0.7833935018050542	0.8037037037037037	0.7934186471663619	0.8348875661375662	0.666485535675127	0.7254	989.853	124.076	2.5e-05	2.0	540
distilbert-base-uncased	4	2	5e-05	0.6723811030387878	0.8537604456824512	0.7894736842105263	0.8333333333333334	0.8108108108108109	0.849702380952381	0.6924415116159468	0.6881	1043.408	130.789	1.25e-05	3.0	810
distilbert-base-uncased	4	2	5e-05	0.7374213933944702	0.8481894150417827	0.7728813559322034	0.8444444444444444	0.8070796460176991	0.8474454365079367	0.6841578350543297	0.6611	1086.056	136.135	0.0	4.0	1080
distilbert-base-uncased	4	3	3e-05	0.338061660528183	0.8635097493036211	0.7852112676056338	0.8576923076923076	0.8198529411764706	0.8622522673832718	0.712125416266888	0.6677	1075.412	134.801	2.25e-05	1.0	270
distilbert-base-uncased	4	3	3e-05	0.42418548464775085	0.871866295264624	0.8716814159292036	0.7576923076923077	0.8106995884773661	0.8471867651998656	0.7185811146919325	0.6646	1080.429	135.43	1.5e-05	2.0	540
distilbert-base-uncased	4	3	3e-05	0.5876818299293518	0.8690807799442897	0.8074074074074075	0.8384615384615385	0.8226415094339623	0.8624622102788041	0.719268852753586	0.8227	872.751	109.398	7.5e-06	3.0	810
distilbert-base-uncased	4	3	3e-05	0.621479868888855	0.8649025069637883	0.7985347985347986	0.8384615384615385	0.8180112570356474	0.8591871011084985	0.7112279442928696	0.6664	1077.497	135.062	0.0	4.0	1080
distilbert-base-uncased	5	0	1e-05	0.37100887298583984	0.8344923504867872	0.7697594501718213	0.8115942028985508	0.7901234567901236	0.8301763339549187	0.6542804774550872	0.6595	1090.161	136.46	7.500000000000001e-06	1.0	270
distilbert-base-uncased	5	0	1e-05	0.37753647565841675	0.847009735744089	0.7748344370860927	0.8478260869565217	0.8096885813148789	0.8471636078123467	0.6841464753451414	0.6671	1077.764	134.908	5e-06	2.0	540
distilbert-base-uncased	5	0	1e-05	0.39213889837265015	0.8623087621696801	0.8149466192170819	0.8297101449275363	0.8222621184919211	0.8561643275427748	0.7099807998163057	0.6623	1085.538	135.881	2.5e-06	3.0	810
distilbert-base-uncased	5	0	1e-05	0.42905372381210327	0.8525730180806675	0.7972027972027972	0.8260869565217391	0.8113879003558719	0.8475807243105309	0.6907408154538974	0.6718	1070.184	133.959	0.0	4.0	1080
distilbert-base-uncased	5	1	5e-06	0.43551355600357056	0.8219749652294854	0.7816901408450704	0.7708333333333334	0.7762237762237763	0.8134909126063419	0.6284721428424501	0.6703	1072.725	134.277	3.7500000000000005e-06	1.0	270
distilbert-base-uncased	5	1	5e-06	0.3812476694583893	0.8414464534075105	0.8152173913043478	0.78125	0.797872340425532	0.8314602668213457	0.6679438355486029	0.6663	1079.03	135.066	2.5e-06	2.0	540
distilbert-base-uncased	5	1	5e-06	0.38716012239456177	0.8428372739916551	0.8252788104089219	0.7708333333333334	0.7971274685816877	0.8308923047177108	0.6701455606840968	0.6758	1063.902	133.173	1.25e-06	3.0	810
distilbert-base-uncased	5	1	5e-06	0.39704957604408264	0.8456189151599444	0.8339622641509434	0.7673611111111112	0.7992766726943943	0.8326364720288735	0.6757466121960792	0.6669	1078.043	134.943	0.0	4.0	1080
distilbert-base-uncased	5	2	5e-05	0.3710727095603943	0.8344923504867872	0.7178683385579937	0.8875968992248062	0.7937608318890815	0.8461845667490626	0.6684557706793492	0.6636	1083.48	135.623	3.7500000000000003e-05	1.0	270
distilbert-base-uncased	5	2	5e-05	0.4279053509235382	0.8636995827538247	0.8125	0.8062015503875969	0.8093385214007781	0.8510400376666835	0.703293309053178	0.6671	1077.849	134.919	2.5e-05	2.0	540
distilbert-base-uncased	5	2	5e-05	0.6438570022583008	0.8678720445062587	0.8075471698113208	0.8294573643410853	0.8183556405353729	0.859414148547983	0.7147178312641719	0.6552	1097.433	137.37	1.25e-05	3.0	810
distilbert-base-uncased	5	2	5e-05	0.6885369420051575	0.8636995827538247	0.803030303030303	0.8217054263565892	0.8122605363984674	0.8544535808572534	0.7054106590217323	0.6588	1091.442	136.62	0.0	4.0	1080
distilbert-base-uncased	5	3	3e-05	0.4060654938220978	0.8523676880222841	0.8697478991596639	0.7340425531914894	0.7961538461538462	0.8314708178801484	0.6877553812079138	0.6814	1053.682	132.077	2.25e-05	1.0	270
distilbert-base-uncased	5	3	3e-05	0.5386226773262024	0.8704735376044568	0.8795180722891566	0.776595744680851	0.8248587570621468	0.8538942026156549	0.7262483317182914	0.6728	1067.121	133.762	1.5e-05	2.0	540
distilbert-base-uncased	5	3	3e-05	0.5934039950370789	0.8607242339832869	0.8159722222222222	0.8333333333333334	0.8245614035087719	0.8558868501529053	0.7092172073679304	0.6842	1049.385	131.539	7.5e-06	3.0	810
distilbert-base-uncased	5	3	3e-05	0.6252388954162598	0.8704735376044568	0.8436363636363636	0.8226950354609929	0.8330341113105925	0.8620355911249917	0.7274126541877711	0.7684	934.404	117.126	0.0	4.0	1080


----------------------------------------------------------------------
Train Metrics: 
model	outer_cv	inner_cv	hp_set_lrtrain_runtime	train_samples_per_second	train_steps_per_second	total_flos	train_loss	lr_from_scheduler	epoch	step
distilbert-base-uncased	0	0	1e-05	48.8123	176.595	22.126	111510642228000.0	0.3258892333066022	0.0	4.0	1080
distilbert-base-uncased	0	1	5e-06	48.8103	176.602	22.126	111510642228000.0	0.38681468610410336	0.0	4.0	1080
distilbert-base-uncased	0	2	5e-05	48.6305	177.337	22.208	111562387305600.0	0.20046185034292716	0.0	4.0	1080
distilbert-base-uncased	0	3	3e-05	48.6405	177.301	22.204	111562387305600.0	0.2140099220805698	0.0	4.0	1080
distilbert-base-uncased	1	0	1e-05	48.5077	177.704	22.265	111510642228000.0	0.3231556945376926	0.0	4.0	1080
distilbert-base-uncased	1	1	5e-06	48.0655	179.339	22.469	111510642228000.0	0.37689594869260434	0.0	4.0	1080
distilbert-base-uncased	1	2	5e-05	47.6801	180.872	22.651	111562387305600.0	0.20709585724053559	0.0	4.0	1080
distilbert-base-uncased	1	3	3e-05	48.4141	178.13	22.308	111562387305600.0	0.20852032568719653	0.0	4.0	1080
distilbert-base-uncased	2	0	1e-05	47.4556	181.644	22.758	111510642228000.0	0.314596810164275	0.0	4.0	1080
distilbert-base-uncased	2	1	5e-06	47.9796	179.66	22.51	111510642228000.0	0.37533496927331994	0.0	4.0	1080
distilbert-base-uncased	2	2	5e-05	48.028	179.562	22.487	111562387305600.0	0.1973452455467648	0.0	4.0	1080
distilbert-base-uncased	2	3	3e-05	47.7898	180.457	22.599	111562387305600.0	0.19607602181258024	0.0	4.0	1080
distilbert-base-uncased	3	0	1e-05	47.609	181.058	22.685	111510642228000.0	0.3154635676631221	0.0	4.0	1080
distilbert-base-uncased	3	1	5e-06	47.8308	180.218	22.58	111510642228000.0	0.3921729652969925	0.0	4.0	1080
distilbert-base-uncased	3	2	5e-05	48.8509	176.537	22.108	111562387305600.0	0.2064394254375387	0.0	4.0	1080
distilbert-base-uncased	3	3	3e-05	48.8262	176.627	22.119	111562387305600.0	0.21005469781381111	0.0	4.0	1080
distilbert-base-uncased	4	0	1e-05	47.5012	181.469	22.736	111510642228000.0	0.3217046940768207	0.0	4.0	1080
distilbert-base-uncased	4	1	5e-06	47.6815	180.783	22.65	111510642228000.0	0.3793410654421206	0.0	4.0	1080
distilbert-base-uncased	4	2	5e-05	47.5948	181.196	22.692	111562387305600.0	0.21010771272359072	0.0	4.0	1080
distilbert-base-uncased	4	3	3e-05	48.0189	179.596	22.491	111562387305600.0	0.2153872286831891	0.0	4.0	1080
distilbert-base-uncased	5	0	1e-05	48.1203	179.217	22.444	111562387305600.0	0.3290877589473018	0.0	4.0	1080
distilbert-base-uncased	5	1	5e-06	48.2692	178.665	22.375	111562387305600.0	0.3757593137246591	0.0	4.0	1080
distilbert-base-uncased	5	2	5e-05	48.2329	178.799	22.391	111562387305600.0	0.21680221601768776	0.0	4.0	1080
distilbert-base-uncased	5	3	3e-05	48.0252	179.656	22.488	111614132383200.0	0.204833494954639	0.0	4.0	1080


----------------------------------------------------------------------
Test Metrics: 
model	outer_cv	test_loss	test_accuracy	test_precision	test_recall	test_f1	test_roc_auc	test_matthews_correlation	test_runtime	test_samples_per_second	test_steps_per_second
distilbert-base-uncased	0	0.2248101830482483	0.9269565217391305	0.9014778325123153	0.8926829268292683	0.8970588235294117	0.9193144363876071	0.840481414027708	0.5875	978.666	122.546
distilbert-base-uncased	1	0.2478262484073639	0.9026086956521739	0.8253275109170306	0.9219512195121952	0.870967741935484	0.9069215557020435	0.7962742906052974	0.532	1080.892	135.347
distilbert-base-uncased	2	0.26189908385276794	0.8834782608695653	0.9156626506024096	0.7414634146341463	0.8194070080862533	0.8518127883981542	0.7437101560461103	0.5717	1005.76	125.939
distilbert-base-uncased	3	0.25393569469451904	0.9113043478260869	0.8475336322869955	0.9174757281553398	0.8811188811188811	0.9126674033730628	0.8121816834738644	0.5787	993.639	124.421
distilbert-base-uncased	4	0.30099785327911377	0.8904347826086957	0.8235294117647058	0.883495145631068	0.8524590163934426	0.8889020443602494	0.7666890263078997	0.536	1072.746	134.327
distilbert-base-uncased	5	0.2671215832233429	0.9041811846689896	0.9166666666666666	0.8048780487804879	0.8571428571428571	0.8821138211382115	0.7892752642471428	0.5516	1040.57	130.525


----------------------------------------------------------------------
Confusion Matrix: 
model	outer_cv	confusion_matrix
distilbert-base-uncased	0	[[350  20]
 [ 22 183]]
distilbert-base-uncased	1	[[330  40]
 [ 16 189]]
distilbert-base-uncased	2	[[356  14]
 [ 53 152]]
distilbert-base-uncased	3	[[335  34]
 [ 17 189]]
distilbert-base-uncased	4	[[330  39]
 [ 24 182]]
distilbert-base-uncased	5	[[354  15]
 [ 40 165]]


----------------------------------------------------------------------
Mean Test Metrics: 
model	mean_test_loss	mean_test_accuracy	mean_test_precision	mean_test_recall	mean_test_f1	mean_test_roc_auc	mean_test_matthews_correlation	mean_test_runtime	mean_test_samples_per_second	mean_test_steps_per_second
distilbert-base-uncased	0.2594317744175593	0.9031606322274404	0.8716996174583539	0.8603244139237508	0.8630257213677216	0.8936220082265547	0.7914353057846704	0.5595833333333333	1028.7121666666667	128.85083333333333

----------------------------------------------------------------------
Mean Confusion Matrix: 
model	mean_true_negative	mean_false_positive	mean_false_negative	mean_true_positive
distilbert-base-uncased	342.5	27.0	28.666666666666668	176.66666666666666

--------------------END OF REPORT --------------------
