Results report for prajjwal1/bert-tiny as of 202308-18_00-5430
----------------------------------------------------------------------
Training Params - NO_OF_EPOCHS: 4 OUTER_CV_NO: 6 INNER_CV_NO: 4 MAX_LENGTH: 50 LR_SPACE: [1e-05, 5e-06, 5e-05, 3e-05] SEED: 2023
Total no. of tweets: 3449----------------------------------------------------------------------
Evaluation Metrics: 
model	outer_cv	inner_cv	hp_set_lr	eval_loss	eval_accuracy	eval_precision	eval_recall	eval_f1	eval_roc_auc	eval_matthews_correlation	eval_runtime	eval_samples_per_second	eval_steps_per_second	lr_from_scheduler	epoch	step
prajjwal1/bert-tiny	0	0	1e-05	0.6490792632102966	0.6119610570236439	1.0	0.017605633802816902	0.03460207612456747	0.5088028169014085	0.10356699008124784	0.3519	2043.38	255.778	7.500000000000001e-06	1.0	270
prajjwal1/bert-tiny	0	0	1e-05	0.6227596998214722	0.6564673157162726	0.7605633802816901	0.19014084507042253	0.3042253521126761	0.5755301926501537	0.2475356241113373	0.3516	2044.817	255.958	5e-06	2.0	540
prajjwal1/bert-tiny	0	0	1e-05	0.6080458164215088	0.6842837273991655	0.728	0.3204225352112676	0.4449877750611247	0.6211308078355188	0.31249291753145336	0.3492	2058.908	257.721	2.5e-06	3.0	810
prajjwal1/bert-tiny	0	0	1e-05	0.6039578914642334	0.6828929068150209	0.71875	0.323943661971831	0.44660194174757284	0.6205925206410879	0.3082161858884087	0.3562	2018.364	252.646	0.0	4.0	1080
prajjwal1/bert-tiny	0	1	5e-06	0.6737193465232849	0.6286509040333796	0.38636363636363635	0.06614785992217899	0.11295681063122924	0.5038531507403102	0.015408321087853491	0.343	2096.258	262.397	3.7500000000000005e-06	1.0	270
prajjwal1/bert-tiny	0	1	5e-06	0.6541640162467957	0.6383866481223922	0.2857142857142857	0.007782101167315175	0.015151515151515154	0.49847979517240215	-0.014839888423707762	0.3404	2112.372	264.414	2.5e-06	2.0	540
prajjwal1/bert-tiny	0	1	5e-06	0.6450374722480774	0.6425591098748261	0.5	0.0038910505836575876	0.007722007722007722	0.5008632742095778	0.015710562542514975	0.3651	1969.096	246.479	1.25e-06	3.0	810
prajjwal1/bert-tiny	0	1	5e-06	0.6420723795890808	0.6467315716272601	0.8	0.01556420233463035	0.03053435114503817	0.5066998500850641	0.07727669187168507	0.334	2152.855	269.481	0.0	4.0	1080
prajjwal1/bert-tiny	0	2	5e-05	0.5644707083702087	0.7381615598885793	0.6623931623931624	0.5871212121212122	0.6224899598393574	0.7065562007742625	0.4249790417599089	0.344	2087.269	261.635	3.7500000000000003e-05	1.0	270
prajjwal1/bert-tiny	0	2	5e-05	0.5154977440834045	0.7632311977715878	0.7640449438202247	0.5151515151515151	0.6153846153846153	0.711320250967828	0.47194796985145077	0.3525	2036.63	255.288	2.5e-05	2.0	540
prajjwal1/bert-tiny	0	2	5e-05	0.49030211567878723	0.7604456824512534	0.676923076923077	0.6666666666666666	0.6717557251908397	0.7408223201174743	0.4832114411639164	0.3327	2158.122	270.517	1.25e-05	3.0	810
prajjwal1/bert-tiny	0	2	5e-05	0.4802336096763611	0.7771587743732591	0.7222222222222222	0.6401515151515151	0.6787148594377509	0.7484898544920572	0.5112554348562172	0.3299	2176.145	272.776	0.0	4.0	1080
prajjwal1/bert-tiny	0	3	3e-05	0.6140099167823792	0.6629526462395543	0.659217877094972	0.39464882943143814	0.49372384937238495	0.6245320519472226	0.28381336793228457	0.4398	1632.605	204.644	2.25e-05	1.0	270
prajjwal1/bert-tiny	0	3	3e-05	0.5771063566207886	0.7214484679665738	0.7619047619047619	0.4816053511705686	0.5901639344262295	0.6871033915757379	0.41888568894284206	0.3492	2056.399	257.766	1.5e-05	2.0	540
prajjwal1/bert-tiny	0	3	3e-05	0.5525237321853638	0.7409470752089137	0.7344398340248963	0.5919732441471572	0.6555555555555556	0.7196143070377791	0.4585276398039774	0.3317	2164.53	271.32	7.5e-06	3.0	810
prajjwal1/bert-tiny	0	3	3e-05	0.5473405718803406	0.7520891364902507	0.7510373443983402	0.6053511705685619	0.6703703703703704	0.7310765399382189	0.48245937116343773	0.3413	2103.517	263.672	0.0	4.0	1080
prajjwal1/bert-tiny	1	0	1e-05	0.6480627059936523	0.6161335187760779	1.0	0.014285714285714285	0.028169014084507043	0.5071428571428571	0.09365483848274349	0.3356	2142.42	268.175	7.500000000000001e-06	1.0	270
prajjwal1/bert-tiny	1	0	1e-05	0.6246546506881714	0.6662030598052852	0.7380952380952381	0.22142857142857142	0.34065934065934067	0.5856573381060853	0.2600634621460307	0.327	2198.975	275.254	5e-06	2.0	540
prajjwal1/bert-tiny	1	0	1e-05	0.6122996807098389	0.6801112656467315	0.6865671641791045	0.32857142857142857	0.4444444444444445	0.6164497233973315	0.29164155187563084	0.3639	1975.748	247.312	2.5e-06	3.0	810
prajjwal1/bert-tiny	1	0	1e-05	0.6087576746940613	0.6842837273991655	0.6934306569343066	0.3392857142857143	0.4556354916067147	0.6218068662544745	0.3024762399537856	0.3648	1970.837	246.697	0.0	4.0	1080
prajjwal1/bert-tiny	1	1	5e-06	0.6785644888877869	0.588317107093185	0.375	0.01020408163265306	0.01986754966887417	0.49921968787515003	-0.007314534409220953	0.3382	2125.863	266.102	3.7500000000000005e-06	1.0	270
prajjwal1/bert-tiny	1	1	5e-06	0.6664376854896545	0.5910987482614742	0.0	0.0	0.0	0.5	0.0	0.333	2159.068	270.259	2.5e-06	2.0	540
prajjwal1/bert-tiny	1	1	5e-06	0.6603625416755676	0.5910987482614742	0.0	0.0	0.0	0.5	0.0	0.3514	2046.174	256.127	1.25e-06	3.0	810
prajjwal1/bert-tiny	1	1	5e-06	0.6581004858016968	0.5910987482614742	0.0	0.0	0.0	0.5	0.0	0.3416	2104.838	263.471	0.0	4.0	1080
prajjwal1/bert-tiny	1	2	5e-05	0.5588923692703247	0.7367688022284122	0.6455696202531646	0.5930232558139535	0.6181818181818183	0.7052072800808898	0.418759639588103	0.358	2005.462	251.381	3.7500000000000003e-05	1.0	270
prajjwal1/bert-tiny	1	2	5e-05	0.4963645339012146	0.7715877437325905	0.7043478260869566	0.627906976744186	0.6639344262295082	0.7400404448938321	0.49366161367329553	0.3434	2090.98	262.1	2.5e-05	2.0	540
prajjwal1/bert-tiny	1	2	5e-05	0.49240991473197937	0.7688022284122563	0.6597222222222222	0.7364341085271318	0.6959706959706959	0.761695315133131	0.5123706459749072	0.3415	2102.222	263.51	1.25e-05	3.0	810
prajjwal1/bert-tiny	1	2	5e-05	0.4800509810447693	0.7841225626740947	0.6928838951310862	0.7170542635658915	0.7047619047619048	0.7693966970003371	0.5348932649009079	0.3281	2188.472	274.321	0.0	4.0	1080
prajjwal1/bert-tiny	1	3	3e-05	0.5832561254501343	0.7367688022284122	0.6860986547085202	0.5625	0.6181818181818182	0.70277466367713	0.4251483870798502	0.3494	2054.714	257.555	2.25e-05	1.0	270
prajjwal1/bert-tiny	1	3	3e-05	0.5276615619659424	0.7604456824512534	0.7358490566037735	0.5735294117647058	0.6446280991735537	0.7239844368240569	0.47638330306065446	0.331	2169.057	271.887	1.5e-05	2.0	540
prajjwal1/bert-tiny	1	3	3e-05	0.5063923001289368	0.7701949860724234	0.720164609053498	0.6433823529411765	0.6796116504854369	0.7454579926140861	0.5032793527055127	0.3458	2076.609	260.299	7.5e-06	3.0	810
prajjwal1/bert-tiny	1	3	3e-05	0.5011686682701111	0.7743732590529248	0.7182539682539683	0.6654411764705882	0.6908396946564885	0.7531241756792404	0.5145437111553334	0.3433	2091.726	262.194	0.0	4.0	1080
prajjwal1/bert-tiny	2	0	1e-05	0.6516326069831848	0.6008344923504868	1.0	0.003472222222222222	0.006920415224913494	0.5017361111111112	0.04565414029584714	0.3371	2133.105	267.009	7.500000000000001e-06	1.0	270
prajjwal1/bert-tiny	2	0	1e-05	0.6248172521591187	0.6634214186369958	0.8484848484848485	0.19444444444444445	0.3163841807909604	0.5856212941479763	0.2906150518756629	0.3423	2100.449	262.921	5e-06	2.0	540
prajjwal1/bert-tiny	2	0	1e-05	0.6127942204475403	0.6898470097357441	0.8217821782178217	0.2881944444444444	0.4267352185089973	0.6232155516885794	0.3475165371876433	0.3291	2184.693	273.466	2.5e-06	3.0	810
prajjwal1/bert-tiny	2	0	1e-05	0.6082788109779358	0.6995827538247567	0.8	0.3333333333333333	0.47058823529411764	0.6388244392884763	0.3648604323628531	0.3397	2116.55	264.937	0.0	4.0	1080
prajjwal1/bert-tiny	2	1	5e-06	0.6724239587783813	0.6022253129346314	0.4	0.02120141342756184	0.04026845637583893	0.5002796057963497	0.0019115280233665786	0.331	2172.421	271.93	3.7500000000000005e-06	1.0	270
prajjwal1/bert-tiny	2	1	5e-06	0.6573832631111145	0.6063977746870653	0.0	0.0	0.0	0.5	0.0	0.3383	2125.43	266.048	2.5e-06	2.0	540
prajjwal1/bert-tiny	2	1	5e-06	0.6492090821266174	0.6063977746870653	0.0	0.0	0.0	0.5	0.0	0.3449	2084.778	260.96	1.25e-06	3.0	810
prajjwal1/bert-tiny	2	1	5e-06	0.6465511918067932	0.6063977746870653	0.0	0.0	0.0	0.5	0.0	0.3353	2144.641	268.453	0.0	4.0	1080
prajjwal1/bert-tiny	2	2	5e-05	0.5654398202896118	0.724233983286908	0.6040955631399317	0.6833976833976834	0.6413043478260869	0.7153371859254212	0.42080120866335197	0.3376	2126.872	266.6	3.7500000000000003e-05	1.0	270
prajjwal1/bert-tiny	2	2	5e-05	0.4981796145439148	0.786908077994429	0.7172131147540983	0.6756756756756757	0.6958250497017893	0.7626744391450274	0.5326230412918904	0.3503	2049.461	256.896	2.5e-05	2.0	540
prajjwal1/bert-tiny	2	2	5e-05	0.4760347902774811	0.786908077994429	0.7226890756302521	0.6640926640926641	0.69215291750503	0.7601509072097308	0.5307652338350886	0.3545	2025.43	253.884	1.25e-05	3.0	810
prajjwal1/bert-tiny	2	2	5e-05	0.46936067938804626	0.7799442896935933	0.6980392156862745	0.6872586872586872	0.6926070038910506	0.759751347986642	0.5212948623862335	0.3652	1966.285	246.47	0.0	4.0	1080
prajjwal1/bert-tiny	2	3	3e-05	0.6031652092933655	0.6880222841225627	0.6984126984126984	0.32116788321167883	0.43999999999999995	0.6177911488130466	0.3008591981389878	0.3228	2223.999	278.774	2.25e-05	1.0	270
prajjwal1/bert-tiny	2	3	3e-05	0.5640434622764587	0.7298050139275766	0.702020202020202	0.5072992700729927	0.5889830508474576	0.6872081935950549	0.40699338251157346	0.3296	2178.166	273.029	1.5e-05	2.0	540
prajjwal1/bert-tiny	2	3	3e-05	0.554401695728302	0.7437325905292479	0.7008928571428571	0.572992700729927	0.6305220883534137	0.7110458999145132	0.4425743068377502	0.3181	2257.125	282.927	7.5e-06	3.0	810
prajjwal1/bert-tiny	2	3	3e-05	0.5511202216148376	0.733983286908078	0.6680161943319838	0.6021897810218978	0.6333973128598849	0.7087525481686066	0.4269427247257387	0.3388	2119.276	265.647	0.0	4.0	1080
prajjwal1/bert-tiny	3	0	1e-05	0.6396650075912476	0.6342141863699583	1.0	0.011278195488721804	0.022304832713754646	0.5056390977443609	0.0844719264825572	0.3443	2088.114	261.377	7.500000000000001e-06	1.0	270
prajjwal1/bert-tiny	3	0	1e-05	0.6120293140411377	0.6898470097357441	0.7128712871287128	0.2706766917293233	0.39237057220708443	0.6033295158425865	0.2871371497226997	0.3468	2072.963	259.481	5e-06	2.0	540
prajjwal1/bert-tiny	3	0	1e-05	0.5987996459007263	0.7009735744089013	0.6834532374100719	0.35714285714285715	0.4691358024691358	0.630006307158625	0.31787980678250294	0.3361	2139.552	267.816	2.5e-06	3.0	810
prajjwal1/bert-tiny	3	0	1e-05	0.5943859219551086	0.7023643949930459	0.6756756756756757	0.37593984962406013	0.48309178743961356	0.634989792361699	0.3223828516112293	0.3633	1978.94	247.712	0.0	4.0	1080
prajjwal1/bert-tiny	3	1	5e-06	0.6763345003128052	0.5980528511821975	0.5217391304347826	0.041379310344827586	0.07667731629392971	0.5078691423519011	0.04387493687271778	0.3488	2061.604	258.059	3.7500000000000005e-06	1.0	270
prajjwal1/bert-tiny	3	1	5e-06	0.6628678441047668	0.5966620305980529	0.5	0.0034482758620689655	0.00684931506849315	0.5005586367655332	0.01040668908431173	0.3572	2012.634	251.929	2.5e-06	2.0	540
prajjwal1/bert-tiny	3	1	5e-06	0.6557167172431946	0.6008344923504868	1.0	0.010344827586206896	0.020477815699658706	0.5051724137931034	0.07872882383086617	0.327	2198.535	275.199	1.25e-06	3.0	810
prajjwal1/bert-tiny	3	1	5e-06	0.6532054543495178	0.6008344923504868	0.6666666666666666	0.020689655172413793	0.04013377926421405	0.5068483240897035	0.060435416061349986	0.3285	2188.786	273.979	0.0	4.0	1080
prajjwal1/bert-tiny	3	2	5e-05	0.5538787245750427	0.7437325905292479	0.697560975609756	0.539622641509434	0.6085106382978723	0.7013786496730392	0.43030842079205295	0.3601	1994.079	249.954	3.7500000000000003e-05	1.0	270
prajjwal1/bert-tiny	3	2	5e-05	0.5345700979232788	0.724233983286908	0.6105610561056105	0.6981132075471698	0.6514084507042253	0.7188137781665208	0.42759373756568825	0.3416	2101.934	263.474	2.5e-05	2.0	540
prajjwal1/bert-tiny	3	2	5e-05	0.5086168646812439	0.7618384401114207	0.6942148760330579	0.6339622641509434	0.6627218934911242	0.7353034278812112	0.4804178422205486	0.3719	1930.76	242.017	1.25e-05	3.0	810
prajjwal1/bert-tiny	3	2	5e-05	0.5034552216529846	0.7604456824512534	0.6837944664031621	0.6528301886792452	0.6679536679536678	0.7381148735890708	0.4810628507952919	0.3832	1873.559	234.847	0.0	4.0	1080
prajjwal1/bert-tiny	3	3	3e-05	0.5951743125915527	0.7103064066852368	0.7737226277372263	0.3745583038869258	0.5047619047619047	0.651646968035417	0.3771839669225217	0.3793	1892.936	237.276	2.25e-05	1.0	270
prajjwal1/bert-tiny	3	3	3e-05	0.5470704436302185	0.7506963788300836	0.7476190476190476	0.5547703180212014	0.6369168356997972	0.7164656187807157	0.4650667231327656	0.337	2130.664	267.075	1.5e-05	2.0	540
prajjwal1/bert-tiny	3	3	3e-05	0.5222726464271545	0.7618384401114207	0.724	0.6395759717314488	0.6791744840525329	0.7404776410381383	0.4933437311895588	0.3518	2041.118	255.85	7.5e-06	3.0	810
prajjwal1/bert-tiny	3	3	3e-05	0.5173441171646118	0.766016713091922	0.722007722007722	0.6607773851590106	0.6900369003690038	0.7476300718898502	0.50398197119575	0.3451	2080.32	260.764	0.0	4.0	1080
prajjwal1/bert-tiny	4	0	1e-05	0.645730197429657	0.6119610570236439	0.6666666666666666	0.007142857142857143	0.014134275618374558	0.5024324764074194	0.03680211428775793	0.3543	2029.552	254.047	7.500000000000001e-06	1.0	270
prajjwal1/bert-tiny	4	0	1e-05	0.619088351726532	0.6731571627260083	0.7586206896551724	0.2357142857142857	0.35967302452316074	0.5939391474129515	0.28091163030436356	0.3425	2099.501	262.803	5e-06	2.0	540
prajjwal1/bert-tiny	4	0	1e-05	0.6059056520462036	0.694019471488178	0.7272727272727273	0.34285714285714286	0.46601941747572817	0.6304262935242435	0.3285491953009995	0.362	1986.245	248.626	2.5e-06	3.0	810
prajjwal1/bert-tiny	4	0	1e-05	0.6018437743186951	0.7065368567454798	0.7315436241610739	0.3892857142857143	0.5081585081585082	0.6490847705824926	0.3587104185952539	0.3675	1956.627	244.919	0.0	4.0	1080
prajjwal1/bert-tiny	4	1	5e-06	0.6765512824058533	0.5938803894297635	0.6	0.02040816326530612	0.039473684210526314	0.5054981992797118	0.046163155220916054	0.3476	2068.482	258.92	3.7500000000000005e-06	1.0	270
prajjwal1/bert-tiny	4	1	5e-06	0.6635806560516357	0.5897079276773296	0.0	0.0	0.0	0.4988235294117647	-0.03103966161463281	0.3294	2182.895	273.241	2.5e-06	2.0	540
prajjwal1/bert-tiny	4	1	5e-06	0.656298041343689	0.5910987482614742	0.0	0.0	0.0	0.5	0.0	0.3257	2207.648	276.34	1.25e-06	3.0	810
prajjwal1/bert-tiny	4	1	5e-06	0.6538455486297607	0.5924895688456189	1.0	0.003401360544217687	0.006779661016949153	0.5017006802721088	0.04487025913679913	0.3507	2050.14	256.624	0.0	4.0	1080
prajjwal1/bert-tiny	4	2	5e-05	0.5701333284378052	0.7298050139275766	0.6397058823529411	0.6444444444444445	0.6420664206642067	0.7128472222222222	0.4250763963538608	0.3435	2090.104	261.991	3.7500000000000003e-05	1.0	270
prajjwal1/bert-tiny	4	2	5e-05	0.5312216877937317	0.7381615598885793	0.6433566433566433	0.6814814814814815	0.6618705035971223	0.7269014550264552	0.4490175083737978	0.373	1924.952	241.289	2.5e-05	2.0	540
prajjwal1/bert-tiny	4	2	5e-05	0.5125057101249695	0.754874651810585	0.6666666666666666	0.6962962962962963	0.6811594202898551	0.7432374338624338	0.48251797766873133	0.3318	2163.785	271.227	1.25e-05	3.0	810
prajjwal1/bert-tiny	4	2	5e-05	0.5067821145057678	0.754874651810585	0.6690647482014388	0.6888888888888889	0.6788321167883211	0.741765873015873	0.48083618816133855	0.3341	2148.977	269.37	0.0	4.0	1080
prajjwal1/bert-tiny	4	3	3e-05	0.5985259413719177	0.7075208913649025	0.6106194690265486	0.5307692307692308	0.5679012345679012	0.6693147463889821	0.3504349571733726	0.3446	2083.414	261.152	2.25e-05	1.0	270
prajjwal1/bert-tiny	4	3	3e-05	0.5461417436599731	0.7493036211699164	0.6739130434782609	0.5961538461538461	0.6326530612244897	0.7161991938192812	0.4453789118096246	0.3462	2073.919	259.962	1.5e-05	2.0	540
prajjwal1/bert-tiny	4	3	3e-05	0.5269239544868469	0.7534818941504178	0.6666666666666666	0.6384615384615384	0.6522593320235757	0.7286194155189788	0.4617175939629237	0.3611	1988.356	249.237	7.5e-06	3.0	810
prajjwal1/bert-tiny	4	3	3e-05	0.5212753415107727	0.7479108635097493	0.6586345381526104	0.6307692307692307	0.6444007858546168	0.7225898555592879	0.4495403521003988	0.3381	2123.767	266.21	0.0	4.0	1080
prajjwal1/bert-tiny	5	0	1e-05	0.6462984085083008	0.6189151599443672	0.75	0.010869565217391304	0.021428571428571425	0.5043061144371381	0.056310443840631885	0.3619	1986.484	248.656	7.500000000000001e-06	1.0	270
prajjwal1/bert-tiny	5	0	1e-05	0.6200684309005737	0.6648122392211405	0.8070175438596491	0.16666666666666666	0.27627627627627627	0.5709179834462003	0.25531501435490106	0.3472	2070.587	259.183	5e-06	2.0	540
prajjwal1/bert-tiny	5	0	1e-05	0.6044289469718933	0.6995827538247567	0.717391304347826	0.358695652173913	0.4782608695652174	0.6353297673962116	0.3342351538645289	0.3532	2035.814	254.831	2.5e-06	3.0	810
prajjwal1/bert-tiny	5	0	1e-05	0.5996706485748291	0.7051460361613352	0.7105263157894737	0.391304347826087	0.5046728971962617	0.6459907743645108	0.3477751035104018	0.3373	2131.873	266.855	0.0	4.0	1080
prajjwal1/bert-tiny	5	1	5e-06	0.675747275352478	0.6022253129346314	0.6	0.020833333333333332	0.040268456375838924	0.5057762954369682	0.04833827574215146	0.3276	2194.678	274.716	3.7500000000000005e-06	1.0	270
prajjwal1/bert-tiny	5	1	5e-06	0.6633865833282471	0.5994436717663422	0.0	0.0	0.0	0.5	0.0	0.3264	2202.582	275.706	2.5e-06	2.0	540
prajjwal1/bert-tiny	5	1	5e-06	0.6567708849906921	0.5994436717663422	0.0	0.0	0.0	0.5	0.0	0.3373	2131.793	266.845	1.25e-06	3.0	810
prajjwal1/bert-tiny	5	1	5e-06	0.6542478203773499	0.5994436717663422	0.0	0.0	0.0	0.5	0.0	0.3332	2157.877	270.11	0.0	4.0	1080
prajjwal1/bert-tiny	5	2	5e-05	0.5624740123748779	0.713490959666203	0.5849673202614379	0.6937984496124031	0.6347517730496455	0.7091551900990432	0.4058104423628865	0.3377	2129.188	266.519	3.7500000000000003e-05	1.0	270
prajjwal1/bert-tiny	5	2	5e-05	0.5018890500068665	0.7538247566063978	0.6462093862815884	0.6937984496124031	0.6691588785046728	0.7406085523550084	0.4742969722489874	0.3335	2155.853	269.856	2.5e-05	2.0	540
prajjwal1/bert-tiny	5	2	5e-05	0.4804520606994629	0.7746870653685675	0.6875	0.6821705426356589	0.6848249027237354	0.7543173754393044	0.50951370023569	0.3392	2119.76	265.339	1.25e-05	3.0	810
prajjwal1/bert-tiny	5	2	5e-05	0.4765626788139343	0.7746870653685675	0.6764705882352942	0.7131782945736435	0.6943396226415095	0.7611444618204443	0.5165744450340516	0.3349	2147.191	268.772	0.0	4.0	1080
prajjwal1/bert-tiny	5	3	3e-05	0.6067732572555542	0.658774373259053	0.7466666666666667	0.19858156028368795	0.3137254901960785	0.5775017893161559	0.24749897556273937	0.3573	2009.607	251.901	2.25e-05	1.0	270
prajjwal1/bert-tiny	5	3	3e-05	0.5560780763626099	0.7423398328690808	0.7487179487179487	0.5177304964539007	0.6121593291404612	0.7026725876764917	0.44506624433864134	0.339	2117.69	265.449	1.5e-05	2.0	540
prajjwal1/bert-tiny	5	3	3e-05	0.5338460803031921	0.754874651810585	0.7054263565891473	0.6453900709219859	0.674074074074074	0.7355390721582407	0.47948164383137604	0.3285	2185.865	273.994	7.5e-06	3.0	810
prajjwal1/bert-tiny	5	3	3e-05	0.5296080708503723	0.7590529247910863	0.7137254901960784	0.6453900709219859	0.6778398510242086	0.7389794391307177	0.4877505258274762	0.3632	1976.954	247.808	0.0	4.0	1080


----------------------------------------------------------------------
Train Metrics: 
model	outer_cv	inner_cv	hp_set_lrtrain_runtime	train_samples_per_second	train_steps_per_second	total_flos	train_loss	lr_from_scheduler	epoch	step
prajjwal1/bert-tiny	0	0	1e-05	13.491	638.946	80.054	1069492020000.0	0.6336171291492604	0.0	4.0	1080
prajjwal1/bert-tiny	0	1	5e-06	13.5346	636.888	79.796	1069492020000.0	0.6755747759783709	0.0	4.0	1080
prajjwal1/bert-tiny	0	2	5e-05	13.4763	639.937	80.141	1069988304000.0	0.5270174167774342	0.0	4.0	1080
prajjwal1/bert-tiny	0	3	3e-05	13.1505	655.794	82.126	1069988304000.0	0.562406207897045	0.0	4.0	1080
prajjwal1/bert-tiny	1	0	1e-05	12.9771	664.248	83.224	1069492020000.0	0.6296223251907914	0.0	4.0	1080
prajjwal1/bert-tiny	1	1	5e-06	13.0471	660.684	82.777	1069492020000.0	0.6685637580023871	0.0	4.0	1080
prajjwal1/bert-tiny	1	2	5e-05	13.127	656.966	82.273	1069988304000.0	0.5250763327987106	0.0	4.0	1080
prajjwal1/bert-tiny	1	3	3e-05	12.7388	676.985	84.78	1069988304000.0	0.5683086006729691	0.0	4.0	1080
prajjwal1/bert-tiny	2	0	1e-05	12.9405	666.126	83.459	1069492020000.0	0.6314765011822736	0.0	4.0	1080
prajjwal1/bert-tiny	2	1	5e-06	12.8	673.439	84.375	1069492020000.0	0.6703917997854727	0.0	4.0	1080
prajjwal1/bert-tiny	2	2	5e-05	13.3168	647.605	81.101	1069988304000.0	0.5293767222651728	0.0	4.0	1080
prajjwal1/bert-tiny	2	3	3e-05	13.0807	659.291	82.564	1069988304000.0	0.5620874228300872	0.0	4.0	1080
prajjwal1/bert-tiny	3	0	1e-05	14.0156	615.028	77.057	1069492020000.0	0.6362831151043927	0.0	4.0	1080
prajjwal1/bert-tiny	3	1	5e-06	12.8873	668.877	83.804	1069492020000.0	0.667999087439643	0.0	4.0	1080
prajjwal1/bert-tiny	3	2	5e-05	14.1245	610.571	76.463	1069988304000.0	0.5136308281509965	0.0	4.0	1080
prajjwal1/bert-tiny	3	3	3e-05	13.6066	633.808	79.373	1069988304000.0	0.5689580846715856	0.0	4.0	1080
prajjwal1/bert-tiny	4	0	1e-05	13.8084	624.258	78.213	1069492020000.0	0.6320312040823477	0.0	4.0	1080
prajjwal1/bert-tiny	4	1	5e-06	13.1542	655.304	82.103	1069492020000.0	0.6689985557838722	0.0	4.0	1080
prajjwal1/bert-tiny	4	2	5e-05	13.472	640.141	80.166	1069988304000.0	0.5304949619151927	0.0	4.0	1080
prajjwal1/bert-tiny	4	3	3e-05	13.0879	658.931	82.519	1069988304000.0	0.5733840942382813	0.0	4.0	1080
prajjwal1/bert-tiny	5	0	1e-05	13.4687	640.3	80.186	1069988304000.0	0.6343026302478931	0.0	4.0	1080
prajjwal1/bert-tiny	5	1	5e-06	12.554	686.952	86.028	1069988304000.0	0.6708615903501157	0.0	4.0	1080
prajjwal1/bert-tiny	5	2	5e-05	12.8436	671.463	84.089	1069988304000.0	0.5271968488340024	0.0	4.0	1080
prajjwal1/bert-tiny	5	3	3e-05	12.7605	676.149	84.636	1070484588000.0	0.5672532152246546	0.0	4.0	1080


----------------------------------------------------------------------
Test Metrics: 
model	outer_cv	test_loss	test_accuracy	test_precision	test_recall	test_f1	test_roc_auc	test_matthews_correlation	test_runtime	test_samples_per_second	test_steps_per_second
prajjwal1/bert-tiny	0	0.49180227518081665	0.7895652173913044	0.7359550561797753	0.6390243902439025	0.6840731070496083	0.7559986816084378	0.5304448806796693	0.2953	1947.408	243.849
prajjwal1/bert-tiny	1	0.5011778473854065	0.7565217391304347	0.6836158192090396	0.5902439024390244	0.6335078534031414	0.7194462755438364	0.45541552694739634	0.2917	1971.136	246.821
prajjwal1/bert-tiny	2	0.4880668818950653	0.7547826086956522	0.6777777777777778	0.5951219512195122	0.6337662337662339	0.7191825972313778	0.4527714735446452	0.2867	2005.761	251.156
prajjwal1/bert-tiny	3	0.48178020119667053	0.7895652173913044	0.7202072538860104	0.6747572815533981	0.6967418546365916	0.7642079090693819	0.5365525547372402	0.3084	1864.236	233.435
prajjwal1/bert-tiny	4	0.5307641625404358	0.7426086956521739	0.6629213483146067	0.5728155339805825	0.6145833333333334	0.7051069539821612	0.42545332235984007	0.3049	1886.158	236.18
prajjwal1/bert-tiny	5	0.4881008565425873	0.7961672473867596	0.7268041237113402	0.6878048780487804	0.7067669172932332	0.7720867208672086	0.5512324714634538	0.2791	2056.613	257.972


----------------------------------------------------------------------
Confusion Matrix: 
model	outer_cv	confusion_matrix
prajjwal1/bert-tiny	0	[[323  47]
 [ 74 131]]
prajjwal1/bert-tiny	1	[[314  56]
 [ 84 121]]
prajjwal1/bert-tiny	2	[[312  58]
 [ 83 122]]
prajjwal1/bert-tiny	3	[[315  54]
 [ 67 139]]
prajjwal1/bert-tiny	4	[[309  60]
 [ 88 118]]
prajjwal1/bert-tiny	5	[[316  53]
 [ 64 141]]


----------------------------------------------------------------------
Mean Test Metrics: 
model	mean_test_loss	mean_test_accuracy	mean_test_precision	mean_test_recall	mean_test_f1	mean_test_roc_auc	mean_test_matthews_correlation	mean_test_runtime	mean_test_samples_per_second	mean_test_steps_per_second
prajjwal1/bert-tiny	0.496948704123497	0.7715351209412714	0.7012135631797584	0.6266279895808666	0.661573216580357	0.7393381897170673	0.4919783716220408	0.29434999999999995	1955.2186666666666	244.90216666666666

----------------------------------------------------------------------
Mean Confusion Matrix: 
model	mean_true_negative	mean_false_positive	mean_false_negative	mean_true_positive
prajjwal1/bert-tiny	314.8333333333333	54.666666666666664	76.66666666666667	128.66666666666666

--------------------END OF REPORT --------------------
